image_width: 848
image_height: 480
camera_name: usb_cam
camera_matrix:
  rows: 3
  cols: 3
  data: [1036.5126364065911, 0.0, 607.4602799815505,
         0.0, 1040.8360481977004, 358.00261902485977, 
         0.0, 0.0, 1.0]
distortion_model: plumb_bob
distortion_coefficients:
  rows: 1
  cols: 5
  data: [0.059892975281230894, -0.08278544635469187, -0.002827293212254947, 0.003286932247333457, 0.0]
rectification_matrix:
  rows: 3
  cols: 3
  data: [1., 0., 0.,
         0., 1., 0.,
         0., 0., 1.]
projection_matrix:
  rows: 3
  cols: 4
  data: [1048.364990234375, 0.0, 610.7340119521978, 0.0,
         0.0, 1054.0789794921875, 355.7253055140973, 0.0,
         0.0, 0.0, 1.0, 0.0]
