image_width: 640
image_height: 480
camera_name: usb_cam
camera_matrix:
  rows: 3
  cols: 3
  data: [271.848301, 0.0, 318.657344,
         0.0, 272.193862, 234.201362, 
         0.0, 0.0, 1.0]
distortion_model: plumb_bob
distortion_coefficients:
  rows: 1
  cols: 5
  data: [0.014061, -0.004374, -0.001339, 0.000096, 0.0]
rectification_matrix:
  rows: 3
  cols: 3
  data: [1., 0., 0.,
         0., 1., 0.,
         0., 0., 1.]
projection_matrix:
  rows: 3
  cols: 4
  data: [275.356858, 0.0, 318.771293, 0.0,
         0.0, 275.269133, 233.088568, 0.0,
         0.0, 0.0, 1.0, 0.0]
