image_width: 640
image_height: 480
camera_name: usb_cam
camera_matrix:
	rows: 3
	cols: 3
	data: [808.03844,   0.     , 235.04033, 0.     , 789.51001, 280.81376, 0.     ,   0.     ,   1.     ]
distortion_model: plumb_bob
distortion_coefficients:
	rows: 1
	cols: 5
	data: [0.022664, 0.368651, 0.032339, -0.033379, 0.000000]
rectification_matrix:
	rows: 3
	cols: 3
	data: [1., 0., 0., 0., 1., 0., 0., 0., 1.]
projection_matrix:
	rows: 3
	cols: 4
	data: [826.32102,   0.     , 226.9757 ,   0.     , 0.     , 808.49901, 288.3804 ,   0.     , 0.     ,   0.     ,   1.     ,   0.     ]